Inference for Stan model: test_glv_model
3 chains: each with iter=(1000,1000,1000); warmup=(0,0,0); thin=(1,1,1); 3000 iterations saved.

Warmup took (0.22, 0.23, 0.21) seconds, 0.66 seconds total
Sampling took (3.2, 3.2, 3.1) seconds, 9.5 seconds total

                            Mean     MCSE   StdDev        5%       50%       95%  N_Eff  N_Eff/s    R_hat

lp__                     3.6e+03  8.6e-02  3.1e+00   3.6e+03   3.6e+03   3.6e+03   1279      134     1.00
accept_stat__            8.3e-01  2.6e-03  1.5e-01   5.4e-01   8.8e-01   1.0e+00   3403      357  1.0e+00
stepsize__               1.3e-03  3.1e-05  3.8e-05   1.2e-03   1.3e-03   1.3e-03    1.5     0.16  9.3e+12
treedepth__              5.3e+00  1.1e-02  5.6e-01   5.0e+00   5.0e+00   6.0e+00   2453      258  1.0e+00
n_leapfrog__             4.8e+01  3.3e-01  1.7e+01   3.1e+01   6.3e+01   6.3e+01   2600      273  1.0e+00
divergent__              0.0e+00      nan  0.0e+00   0.0e+00   0.0e+00   0.0e+00    nan      nan      nan
energy__                -3.6e+03  1.3e-01  4.4e+00  -3.6e+03  -3.6e+03  -3.6e+03   1192      125  1.0e+00

sigma                    3.1e-02  1.6e-05  6.4e-04   3.0e-02   3.1e-02   3.2e-02   1615      170      1.0
alpha[1]                 4.9e-01  2.1e-04  9.2e-03   4.8e-01   4.9e-01   5.1e-01   1976      207     1.00
alpha[2]                 5.0e-01  2.0e-04  9.5e-03   4.8e-01   5.0e-01   5.2e-01   2190      230     1.00
alpha[3]                 5.1e-01  2.2e-04  9.4e-03   4.9e-01   5.1e-01   5.2e-01   1890      198      1.0
beta[1,1]               -1.4e+00  2.1e-04  1.0e-02  -1.4e+00  -1.4e+00  -1.4e+00   2256      237     1.00
beta[1,2]               -5.7e-01  2.0e-04  1.2e-02  -5.9e-01  -5.7e-01  -5.5e-01   3393      356     1.00
beta[1,3]               -5.4e-01  3.5e-04  1.6e-02  -5.6e-01  -5.4e-01  -5.1e-01   1965      206     1.00
beta[2,1]                5.6e-01  2.1e-04  1.1e-02   5.4e-01   5.6e-01   5.8e-01   2650      278      1.0
beta[2,2]               -1.4e+00  2.0e-04  1.2e-02  -1.4e+00  -1.4e+00  -1.4e+00   3478      365     1.00
beta[2,3]               -2.8e-01  3.6e-04  1.6e-02  -3.1e-01  -2.8e-01  -2.5e-01   2125      223     1.00
beta[3,1]                2.8e-01  2.2e-04  1.0e-02   2.7e-01   2.8e-01   3.0e-01   2255      237      1.0
beta[3,2]                5.7e-01  1.9e-04  1.2e-02   5.5e-01   5.7e-01   5.9e-01   3851      404     1.00
beta[3,3]               -1.4e+00  3.9e-04  1.6e-02  -1.5e+00  -1.4e+00  -1.4e+00   1800      189      1.0
epsilon[1,1]             3.0e-01  5.0e-05  2.8e-03   2.9e-01   3.0e-01   3.0e-01   3156      331     1.00
epsilon[1,2]             1.0e+00  8.1e-05  5.2e-03   1.0e+00   1.0e+00   1.0e+00   4149      436     1.00
epsilon[2,1]            -5.0e-01  4.8e-05  2.8e-03  -5.0e-01  -5.0e-01  -5.0e-01   3363      353      1.0
epsilon[2,2]            -2.2e-05  8.1e-05  5.3e-03  -8.8e-03   9.0e-05   8.6e-03   4290      450     1.00
epsilon[3,1]            -3.0e-01  4.9e-05  2.8e-03  -3.0e-01  -3.0e-01  -2.9e-01   3270      343     1.00
epsilon[3,2]            -1.0e+00  7.9e-05  5.4e-03  -1.0e+00  -1.0e+00  -1.0e+00   4587      482     1.00
constrained_beta[1,1]   -1.4e+00  2.1e-04  1.0e-02  -1.4e+00  -1.4e+00  -1.4e+00   2256      237     1.00
constrained_beta[1,2]   -5.7e-01  2.0e-04  1.2e-02  -5.9e-01  -5.7e-01  -5.5e-01   3393      356     1.00
constrained_beta[1,3]   -5.4e-01  3.5e-04  1.6e-02  -5.6e-01  -5.4e-01  -5.1e-01   1965      206     1.00
constrained_beta[2,1]    5.6e-01  2.1e-04  1.1e-02   5.4e-01   5.6e-01   5.8e-01   2650      278      1.0
constrained_beta[2,2]   -1.4e+00  2.0e-04  1.2e-02  -1.4e+00  -1.4e+00  -1.4e+00   3478      365     1.00
constrained_beta[2,3]   -2.8e-01  3.6e-04  1.6e-02  -3.1e-01  -2.8e-01  -2.5e-01   2125      223     1.00
constrained_beta[3,1]    2.8e-01  2.2e-04  1.0e-02   2.7e-01   2.8e-01   3.0e-01   2255      237      1.0
constrained_beta[3,2]    5.7e-01  1.9e-04  1.2e-02   5.5e-01   5.7e-01   5.9e-01   3851      404     1.00
constrained_beta[3,3]   -1.4e+00  3.9e-04  1.6e-02  -1.5e+00  -1.4e+00  -1.4e+00   1800      189      1.0

Samples were drawn using hmc with nuts.
For each parameter, N_Eff is a crude measure of effective sample size,
and R_hat is the potential scale reduction factor on split chains (at 
convergence, R_hat=1).
